0.001864 0.101274 0.042870 0.401056 0.009941 0.013358 0.020503 0.002175 0.247282 0.056850 0.084809 0.018018
0.000229 0.005501 0.017650 0.039656 0.012607 0.045616 0.009284 0.000458 0.638281 0.022120 0.204928 0.003668
0.002390 0.173880 0.093385 0.088775 0.052582 0.026889 0.091165 0.058301 0.221852 0.080922 0.043875 0.065898
0.031407 0.134326 0.035019 0.168977 0.081834 0.217782 0.091345 0.005382 0.110366 0.022855 0.065173 0.035535
0.014191 0.068748 0.136235 0.344686 0.079470 0.023021 0.118575 0.006938 0.031851 0.031536 0.129612 0.015137
0.184636 0.054589 0.163617 0.204748 0.025707 0.074853 0.144413 0.010283 0.061999 0.002722 0.016936 0.055497
0.001420 0.324034 0.039870 0.008319 0.013493 0.034798 0.016942 0.000812 0.322106 0.062697 0.106625 0.068885
0.004857 0.119205 0.035320 0.156733 0.054746 0.008389 0.052980 0.000442 0.349669 0.041501 0.117439 0.058720
0.043891 0.013164 0.239963 0.146881 0.017009 0.029064 0.176742 0.042575 0.264246 0.009457 0.012298 0.004711
0.027073 0.003384 0.116751 0.018331 0.002820 0.210378 0.034969 0.013536 0.353074 0.184997 0.033277 0.001410
0.010786 0.004846 0.064874 0.012037 0.004690 0.020947 0.077693 0.016883 0.699390 0.020791 0.066437 0.000625
0.012422 0.009499 0.040555 0.485568 0.033979 0.092802 0.022653 0.005115 0.209353 0.007307 0.073073 0.007673
